000002
000003
000004
000011
000013
000014
000016
000017
000020
000022
000023
000025
000027
000028
000031
000032
000034
000035
000036
000038
000039
000040
000044
000045
000048
000050
000051
000056
000060
000061
000062
000063
000068
000070
000071
000074
000075
000078
000079
000083
000085
000086
000087
000089
000090
000093
000094
000095
000097
000099
000102
000103
000104
000105
000106
000107
000109
000110
000111
000112
000115
000116
000120
000121
000123
000124
000126
000130
000133
000136
000137
000139
000141
000142
000144
000145
000147
000148
000149
000150
000152
000154
000155
000156
000159
000160
000161
000163
000164
000165
000166
000168
000171
000176
000177
000178
000179
000181
000184
000187
000189
000191
000193
000197
000199
000200
000202
000203
000205
000206
000212
000213
000218
000220
000223
000230
000232
000233
000237
000238
000241
000244
000245
000246
000250
000251
000252
000254
000255
000256
000257
000258
000265
000266
000270
000271
000272
000273
000278
000280
000282
000283
000285
000287
000289
000290
000292
000293
000294
000295
000296
000297
000299
000300
000301
000303
000305
000308
000311
000314
000315
000316
000317
000321
000322
000323
000324
000325
000327
000331
000332
000333
000334
000335
000336
000337
000338
000340
000341
000342
000344
000345
000348
000351
000352
000355
000356
000357
000358
000359
000363
000365
000369
000372
000375
000377
000378
000379
000380
000381
000382
000385
000386
000388
000390
000396
000397
000399
000403
000405
000406
000407
000408
000410
000412
000414
000415
000416
000417
000419
000423
000424
000427
000428
000429
000432
000433
000435
000436
000437
000438
000440
000445
000452
000454
000456
000460
000461
000464
000465
000468
000469
000470
000471
000475
000476
000480
000482
000484
000490
000492
000495
000496
000498
000499
000500
000501
000502
000504
000513
000517
000518
000520
000524
000525
000526
000529
000531
000534
000535
000537
000539
000541
000542
000543
000548
000550
000554
000556
000558
000559
000560
000562
000563
000564
000566
000568
000572
000573
000575
000579
000580
000583
000585
000586
000587
000593
000595
000597
000601
000604
000607
000609
000611
000614
000621
000624
000626
000633
000636
000637
000639
000640
000641
000642
000644
000645
000647
000649
000652
000654
000655
000656
000661
000662
000667
000668
000669
000671
000672
000675
000676
000677
000678
000679
000680
000681
000683
000684
000685
000689
000696
000697
000698
000700
000703
000705
000708
000709
000711
000712
000713
000714
000715
000718
000721
000723
000724
000725
000726
000728
000730
000731
000736
000741
000744
000745
000748
000749
000751
000752
000753
000754
000756
000757
000761
000763
000765
000766
000767
000769
000771
000776
000779
000782
000784
000785
000786
000787
000794
000802
000808
000809
000810
000812
000813
000814
000815
000817
000820
000823
000826
000827
000829
000830
000832
000833
000834
000836
000837
000838
000839
000842
000843
000853
000856
000858
000859
000860
000862
000865
000866
000867
000874
000876
000879
000881
000883
000884
000885
000886
000888
000889
000890
000892
000898
000900
000902
000903
000904
000906
000907
000908
000909
000910
000911
000912
000914
000920
000921
000923
000924
000925
000927
000928
000932
000936
000939
000940
000941
000942
000943
000944
000946
000948
000953
000955
000956
000960
000963
000964
000965
000968
000970
000971
000976
000977
000978
000982
000983
000984
000986
000987
000988
000991
000993
000994
000996
000999
001000
001004
001007
001008
001009
001010
001011
001012
001013
001018
001019
001020
001022
001023
001024
001028
001033
001035
001036
001037
001039
001040
001042
001043
001045
001046
001048
001053
001054
001055
001059
001060
001061
001063
001064
001066
001067
001068
001069
001071
001074
001075
001076
001077
001078
001083
001085
001086
001088
001092
001093
001094
001096
001097
001098
001102
001103
001104
001106
001111
001112
001115
001117
001118
001119
001120
001121
001123
001124
001125
001126
001127
001132
001133
001134
001137
001141
001142
001144
001145
001147
001150
001151
001154
001155
001159
001161
001162
001163
001164
001169
001171
001172
001173
001174
001176
001177
001178
001180
001182
001183
001185
001186
001188
001189
001194
001196
001197
001200
001202
001203
001204
001205
001210
001211
001214
001215
001216
001217
001218
001221
001223
001224
001225
001230
001231
001232
001235
001238
001240
001242
001246
001247
001248
001253
001254
001257
001258
001261
001264
001265
001267
001270
001271
001273
001277
001278
001279
001283
001286
001287
001288
001291
001296
001297
001299
001304
001306
001308
001309
001313
001314
001317
001318
001320
001321
001327
001329
001332
001336
001337
001338
001341
001343
001345
001346
001349
001350
001351
001352
001354
001356
001357
001360
001362
001363
001366
001367
001368
001369
001370
001371
001372
001375
001376
001378
001379
001382
001383
001385
001389
001391
001393
001394
001395
001402
001405
001407
001408
001409
001410
001412
001413
001414
001416
001417
001418
001419
001422
001425
001430
001433
001435
001436
001437
001438
001440
001443
001444
001445
001448
001453
001454
001456
001457
001458
001459
001462
001463
001464
001465
001469
001472
001473
001482
001484
001486
001487
001489
001491
001492
001493
001494
001496
001506
001507
001508
001512
001517
001519
001521
001524
001526
001530
001532
001533
001534
001536
001538
001539
001540
001542
001543
001546
001548
001552
001554
001559
001562
001564
001567
001571
001573
001577
001583
001584
001585
001587
001588
001589
001590
001593
001600
001601
001603
001604
001606
001610
001614
001615
001616
001618
001619
001620
001626
001627
001631
001633
001634
001636
001639
001644
001647
001651
001652
001654
001655
001657
001659
001663
001664
001666
001668
001671
001672
001674
001675
001676
001678
001679
001684
001685
001687
001690
001693
001694
001704
001705
001707
001713
001714
001716
001718
001720
001721
001722
001723
001725
001727
001730
001731
001732
001734
001737
001742
001745
001746
001748
001749
001750
001753
001754
001763
001764
001765
001766
001768
001769
001770
001772
001774
001775
001776
001777
001778
001782
001786
001787
001789
001791
001792
001793
001795
001801
001803
001805
001806
001807
001809
001810
001811
001813
001814
001815
001816
001817
001820
001826
001829
001830
001833
001836
001837
001838
001840
001842
001844
001845
001851
001852
001854
001856
001858
001860
001861
001863
001864
001866
001869
001871
001872
001877
001879
001880
001881
001882
001883
001886
001887
001893
001895
001897
001898
001902
001904
001905
001906
001908
001909
001912
001917
001918
001920
001923
001924
001925
001926
001927
001929
001933
001936
001939
001941
001943
001944
001945
001949
001951
001952
001953
001954
001956
001957
001959
001960
001963
001964
001965
001967
001968
001971
001976
001979
001980
001983
001984
001986
001990
001992
001993
001994
001995
002000
002010
002011
002013
002014
002016
002017
002018
002020
002021
002025
002026
002027
002030
002032
002036
002037
002040
002043
002044
002045
002047
002048
002050
002052
002055
002057
002066
002073
002076
002077
002079
002081
002083
002084
002085
002086
002090
002094
002098
002100
002104
002105
002107
002109
002117
002118
002129
002130
002131
002135
002136
002141
002147
002149
002151
002152
002154
002157
002158
002159
002164
002169
002170
002172
002176
002177
002182
002185
002186
002187
002188
002190
002194
002195
002197
002201
002202
002203
002204
002206
002211
002216
002219
002221
002222
002224
002225
002227
002229
002230
002231
002233
002235
002238
002243
002247
002248
002249
002256
002260
002265
002266
002267
002270
002271
002272
002273
002275
002276
002277
002279
002282
002283
002284
002285
002286
002288
002289
002295
002297
002298
002300
002301
002302
002303
002305
002306
002307
002309
002310
002311
002315
002316
002323
002324
002328
002329
002335
002336
002338
002340
002341
002345
002348
002349
002350
002351
002354
002357
002358
002359
002361
002362
002364
002368
002372
002373
002374
002375
002376
002377
002378
002379
002380
002381
002383
002386
002392
002393
002394
002397
002398
002400
002403
002405
002409
002410
002411
002413
002415
002418
002420
002422
002426
002427
002428
002429
002430
002431
002438
002439
002441
002444
002445
002448
002450
002451
002454
002458
002460
002463
002468
002469
002470
002471
002472
002473
002477
002479
002485
002486
002487
002489
002490
002491
002498
002499
002501
002504
002505
002506
002508
002509
002510
002513
002515
002516
002518
002520
002521
002524
002525
002527
002530
002532
002536
002538
002540
002541
002542
002543
002546
002547
002550
002558
002560
002562
002563
002564
002565
002566
002577
002579
002581
002582
002583
002588
002589
002590
002591
002592
002596
002601
002607
002608
002610
002612
002614
002615
002616
002617
002618
002619
002626
002627
002631
002637
002642
002643
002644
002646
002647
002648
002651
002662
002664
002668
002670
002678
002679
002682
002687
002689
002692
002694
002695
002697
002699
002705
002706
002707
002708
002710
002711
002714
002715
002716
002718
002719
002720
002728
002730
002731
002732
002733
002734
002735
002736
002739
002741
002744
002746
002747
002749
002751
002752
002757
002761
002765
002766
002767
002768
002774
002778
002781
002783
002784
002785
002786
002788
002790
002794
002795
002797
002798
002807
002808
002809
002810
002814
002816
002820
002823
002824
002825
002827
002828
002830
002832
002833
002834
002838
002839
002841
002842
002843
002844
002845
002846
002847
002851
002855
002856
002858
002859
002861
002862
002867
002868
002869
002870
002872
002873
002874
002879
002881
002882
002883
002887
002890
002891
002892
002895
002896
002897
002900
002903
002904
002907
002908
002911
002913
002915
002917
002918
002927
002928
002929
002931
002934
002935
002937
002938
002942
002943
002944
002945
002946
002947
002949
002952
002953
002954
002957
002959
002960
002961
002962
002965
002966
002969
002970
002971
002972
002974
002976
002977
002980
002987
002991
002995
002996
002999
003000
003002
003003
003008
003012
003013
003018
003020
003023
003025
003027
003029
003030
003031
003033
003034
003037
003038
003040
003042
003046
003047
003051
003056
003057
003060
003065
003070
003071
003073
003074
003075
003078
003082
003084
003087
003088
003089
003091
003093
003094
003095
003096
003097
003098
003106
003108
003109
003110
003111
003112
003113
003114
003117
003119
003121
003123
003124
003125
003127
003128
003129
003130
003133
003134
003137
003138
003142
003143
003144
003148
003149
003153
003165
003167
003169
003170
003172
003174
003177
003178
003180
003185
003187
003190
003194
003199
003200
003202
003205
003206
003207
003209
003210
003212
003214
003216
003217
003219
003223
003224
003225
003228
003234
003236
003237
003238
003239
003241
003244
003245
003246
003248
003253
003254
003255
003256
003257
003261
003262
003263
003266
003267
003269
003270
003271
003273
003275
003276
003278
003280
003283
003284
003285
003291
003294
003298
003299
003301
003302
003305
003306
003307
003308
003309
003310
003311
003313
003315
003318
003321
003322
003326
003327
003328
003329
003331
003332
003335
003339
003342
003347
003349
003350
003351
003352
003353
003354
003358
003359
003360
003363
003364
003365
003366
003367
003369
003370
003372
003374
003375
003376
003377
003379
003380
003382
003387
003390
003395
003396